$ANSIBLE_VAULT;1.1;AES256
66303366336133326331393462613037323062303364636561336461333665383563333164313064
6366366565326338313832353962613063353333623735300a326633333562663234396339636636
31353661323362666430356364393466366561373265666166393430333862613437363535633361
3166363766343566360a613032303134323562616461383835333362623534353161386237383835
36313938653835383739663935646139383836613230656462633036366331373165366332333934
30656438393134373562356163313263353830356566313262336635383034633263346439353964
36663937373338386338616363303961666261373965313966343439313966376538383338643338
38663136366132623166643865343063306466653634386364373365616136313432376332343866
64643434393664353761373637653164633966653765393061636565356664373035633839343834
39353436323037353539383365306634313430363662376239633837613033626137616238323965
39396164363465666236623430363230643931666462613763373964326635376439363031616538
30333933633530623434383136353664616532663932383966326233326661313465363833323435
66646338353061373236643531393163333738663963613662306563343834363163383139616536
37363238376233616663316438353137613666613339303534313933663364666366653831636262
37393264643730386664396637383038336330383565373835666665616137666463356332383032
32313937393461646538333566643037646362343561633131366334323031316362613639633261
37383764353536616564656434316561346661613964636663646561316561613439366535323337
66633966333738323938643830313862363831653066343637656136383239613638313632373836
30643731386635363038633664336434393430353261663261663439653234323330366633333130
63623432613337663736653161333265646433633661633735376136643135623362313033373366
64336131363363316161643064363565313365376132323864613433326166333239623332333534
62373535303764363538383532643030356639303835373161663939386264613066383530623163
30633632323731343736356635386563646232333838633839373234616534333261346634663035
32633762373062626262306439636330383832306636363033333539623534323532363263613430
6333
